Case #1: 1 0 0 0 1
Case #2: 0 0 0
Case #3: 0 0 1 2 0 1
Case #4: 0 1 0 1 1 2 1 1 0 0 1 1 1 2 2 0 2 3 2 2 3 1
Case #5: 1 2 2 2 3 0 3 0 0
Case #6: 0 0 0 0
Case #7: 0 0 0 0 1 1 1 1 2 0 2 3 1 1 2 2 2 3 0 4 4 1 2
Case #8: 1 2 2 0 0 3 0
Case #9: 0 0 1 0 1 2 0 1 1 2 0 1 2 1 2 2 2
Case #10: 0 0 0 1
Case #11: 1 0 0 1 1 0
Case #12: 0 0 1 2 1 0 1 2 1 2 2
Case #13: 0 1 1 0 2 2 1 3 1 4 4 0 1 2 5 2 3 4 5 5 5 0
Case #14: 0 1 0 1 0 0
Case #15: 1 2 0 3 0 3 0 1 2 1 3 0 4 3
Case #16: 1 2 0 0 0 0 1 0 3 2 1 2 3 3 0
Case #17: 4 5 3 2 1 0 0 1 2 4 3 4 2 1 5 0 1 2 2
Case #18: 0 0 0 1 1
Case #19: 2 1 2 0 0 3 3 1 2 4 4 3 5 0 4 3 5 3 5 1 6 2 4 5
Case #20: 0 0 1 1 2 2 3 3 3 4 4 5 0 2 0 5 4 0 1 0 2 3 5 0 4 4 1 1 3 4
Case #21: 0 0 1 1 0 0 1 2 1 1 1 2 3 4 2 2 2 2 3 2
Case #22: 0 0 0 1 0 1 1 2 2 1 0 2 3 2 2
Case #23: 0 0 1 0 0 1 1 0 2 1 0 1 1 1 1 1 2 1 2 1 1
Case #24: 0 1 0 1 0 1 2 0 0 1 2 1 1 1 1 3 1 1
Case #25: 0 0 0 1 1 1 1 2 2 1 1 2 0 3 2 3 3 2 3 2 3
Case #26: 0 0 1 1 2 2 1 1 0 0 2 3 1 0 2 3 3 1 3 1 2 3 2 4 4
Case #27: 0 0 0 0 0 0 0 0 0 0 0 0 0 0 0 0 0 0 0 0 0 0 0 0 0 0 0 0 0 0
Case #28: 0 0 1 0 0 0 1 1 0 1 2 1 0 1 3
Case #29: 0 0 0 0 1 1 1 1 1 2 2
Case #30: 1 0 0 1 0 2 1 2 2 3 2 2 0 2 3 2 3 3 2 4 4 3 5 3 4 2 3 6 4 0
Case #31: 3 2 4 1 2 0 4 3 4 0 0 1 0 5 2 3 1 3 1 3 1 4 5 5
Case #32: 0 0 0 0 0 1 1 1 1 2 2 1 2 0 1 2 2 1 1 1 2
Case #33: 3 2 1 2 0 4 0 4 0 4 5 4 0 0 1 1 5 1 0 1 2 1 3 2 1 1 1 1 3
Case #34: 0 0 1 0 1 2 1 0 2 0 2 2 3 1 3 2 1 3
Case #35: 1 0 2 2 1 3 1 1 3 2 4 3 2 0 3 3 2 1 0 4 2 4
Case #36: 0 0 1 0 2 3
Case #37: 0 0 1 0 0 1 1 0
Case #38: 2 3 1 2 0 2 0 1 1 2 1 2 3 2 3 1 1 2 0 0 2 1 3 1
Case #39: 0 1 0 0 1 1
Case #40: 1 2 0 0 3 0 1 3 3 1 4 1 2 2 3 2 4 2 1 2 5 2 2 0 3
Case #41: 0 1 0 1 2 1 2 1 2 3 2 0 3 4 4 2 3 1 4 3 3 4 5 1 1 2 2 4 5 2
Case #42: 2 1 0 0 1 2 0 3 2
Case #43: 1 0 2 0 2 0 1 3 3 2 1 3
Case #44: 1 0 1 2 1 0 0 2 2 1 1 0 2 0 2 2 1 0 1
Case #45: 1 0 0 0 0 2 0 1 3 1 2 1
Case #46: 0 0 0 0 1 1
Case #47: 27 26 25 24 23 22 21 20 19 18 17 16 15 14 13 12 11 10 9 8 7 6 5 4 3 2 1 0 0 0
Case #48: 2 1 3 0 0 0 2 2 1
Case #49: 0 1 1 2 3 2 3 0 0 4 4 1 2 3 2 5 3 6 7 4 2 6
Case #50: 0 0 0 0 1 0 0
Case #51: 0 1 0 1 1 1 0 0 0
Case #52: 0 1 0 2 2 1 1 0 0 0 3 3 1 2 1 2
Case #53: 0 0 0 1 2 3 4 5 6 7 8 9 10 11 12 13 14 15 16 17 18 19 20 21 22 23 24 25 26 27
Case #54: 0 0 1 2 1 2 1 0 1 3 0 3 0 2 1 2 2 3 1
Case #55: 1 0 0 2 1 3 4 1 2 4 2 3 5 0 3 4 4 6 5 3 2 6 3
Case #56: 0 1 2 0 0 0 0 1 1 2 0 1 3 1 2 2 1 1 2 2
Case #57: 0 1 1 0 0 1 2 1 1 2 2 0 1 2 0 1 2
Case #58: 0 1 0 2 2 1 1 2 2 0 2 0 1 3 2 1 3 3 1 3 4 3
Case #59: 2 1 0 3 0 0 0 0 1 0 4 1 0 1 1 5 2 1 3 1 5 2 6 1
Case #60: 0 0 1 0 1 2 0 1 2 2 1 2 0 1 2 1 1 2 3 1 1 3 2 2 1 3 2 1 3
Case #61: 0 0 0 0 1 2 1 1 0 2 1 3 0 3 0 1 4 0 5 0 1 1 2 1 2 6 1 3 1 1
Case #62: 0 0 0 0 1 0 1
Case #63: 1 2 0 0 3 0 1 2 1 0 2
Case #64: 0 0 1 0 1 2 2 2 1 2 2 3
Case #65: 1 2 0 0 1 0 2 2 2 3 3 0 2
Case #66: 0 0 1 1 2 0 3 1
Case #67: 1 0 2 3 0 0 2 0 3 4 1 1 1 3 2 1 1 5 1 2
Case #68: 0 0 0 0 1 0 1 1 0 2 1 1 2 1
Case #69: 0 0 0 0 0
Case #70: 0 1 0 0 1 2 3
Case #71: 1 0 0 1 0 1 1
Case #72: 0 1 1 1 2 0 0 0 1 0 2 2 3 2
Case #73: 0 0 0 1 2 1 1 3 4 2 3 3 1 2 1 4 1 2 2 1 0 1 4
Case #74: 0 0 0 0
Case #75: 0 0 0 0 0 1 1 0 2 2 1 1 3 3 2 1 4 2
Case #76: 0 0 0 0 1 0 1
Case #77: 0 0 0 1 1 2 0 3 1 2 0 3 4 4 4 5 1
Case #78: 0 0 1 1 0 2 1 1 2 3 3
Case #79: 0 0 1 0 1
Case #80: 0 0 0 1 1 1 2 2 3 2 3 1 3 2 3 2 2 3 2 3 3 3 2 1 2 4 4
Case #81: 0 0 1 0 2 1 1 1 2 0
Case #82: 3 4 2 4 1 5 0 4 5 0 6 0 5 1 6 2 2 6
Case #83: 1 0 0 0 0 1 1 1 1 1 2 2 2 2 2 3 2 3 0 2 3 1 4 0 1 3 3 4 5
Case #84: 0 1 2 2 3 0 0 1 1 2 4 0
Case #85: 0 0 0 1 0 1
Case #86: 1 0 0 0 0 0 1 0 0 0 1 1 1 1 2 1 1 2
Case #87: 0 1 1 2 2 0 0 1 0 2
Case #88: 0 0 1 0 0
Case #89: 0 0 0 1 0 1 2 3 0
Case #90: 0 0 1 0 2 1 0 2 2 1 2 3 1 1 0 3 4 2 4 2 2 0 2 4 3
Case #91: 1 0 0 0 1 2 3 1 2 4 1 1 3 3 4 5 0 1 0 5 1 5 2 3 1 2 5 4 2 2
Case #92: 0 0 0 1 2 0 1 1 1 2 2 1 2 1 1 1 1 0 0 0 3 4 2 1 2 2 1 2
Case #93: 2 3 1 4 0 2 0 1 1 0 3 4 2 0 3 3 1 2 2 1 4 2 4 3 1 2 0 2 3
Case #94: 0 0 0 0 1 0
Case #95: 2 1 3 2 4 0 1 0 4 1 5 5 3 0 6 0 2 3 1 3
Case #96: 1 2 0 2 0 1 0 3 2 3 0 1 1 2 2 2 2 2 1 4 1 3 1
Case #97: 0 1 0 0 1 2 1 0 1 0 1 2 1 1 2 0 2 2 1 3
Case #98: 0 1 1 2 0 0 0 1 2
Case #99: 0 1 1 2 1 0 2 1 2 0 3 0 3 2 1 2 2 0 1
Case #100: 0 0 1 0 1 2 1 3
